111011111111001111110101111110111111010011001110100101010001111100010011000001111011011
1101000110011101101100110011011100001100010111110111010100111100111111011011001100110101101
11111011111010010011001111100100000010000010011011101110110001010000011110010010010
11100101011101111101100111101010110101011100001111001111111000110111101111111010110111
1100010111000101111100111110000110100011101100110101010101100111010101000110110001011
1100110110111001001110101001011101110100110000111111111010000011001001101000111111111
11100101110011110110001111100110110011101101110100111010011111110001100011011001011101101
10110101100000100010111010101010001111110001100010111010011010001100011011100000110100001
11010111101000110101101001100110111011101110011010111101000100000111010011110111001
100110111111010110011011111101011001101001110000101001101110101111001111011101111
11100001110001110101000101110001000100110011011111000011101010100110100011110
10110100001010111111110001100110010111011010110001100010110011111011110
10011101110010011000101101011111010001011111000101101111110010011001010000111100
100000011111110111011011100001111100001000010111100011110101100111101000111010011100000
1010101111111010110101101111010011011101101110110111010000111001001100011011000101110001101
111010011001101011010111010010110000111111110100111111100101011011011001010110
100010010100001111000011100101100100111001010011010110011100111111101111111011011001011
1100110110001011110010010010101001100111000101010111111011110011110000100000111110100
010110101100010010010011110001100000110010100010111111101000111101010101001
11000101100011110001011010001101101011101101100100111011111001100110101001010111110011101
1100010001011100001111110100110010101100110011110110110001101100011011100011101011110
1110001110101001110101010111101110111011010001110100111000101110100100010011100000110111011
10101100111110011001011101111000110010111111101011101111110111011111101100000111000
100101010011010001011000111110001000010110011111101111111000001111011011110010000
100011001001111011011010111111000101101001100111111011111110110101010110100010000111
1100100111001111100110010000011101011111110000110000111101111111101100110000101101001110111111
110101101000111101101101010111100110101110011100000101000011001001111000110101011110001
111001011011001110001001101110100011110011111000010100101010000110000010000
11100010111011110001010110101000110101100000111010011101001111110001111010111101011
1101001001110111110101001010001110110010011011110000011001001111110111010011010010
10011101101010111111001111000101101101000011110001011101001111010010100100011100100110011001
110001011110011011011111001011001111110100101100001011010110010110111100111111010
110111011101101111011111110000110101101110101111011010111000011001001110110011011010111010111
1110110111000010011101010010111111011100010101011010001101010110100011111101011111100
111111111110111110100101011010100110010111011110100100000011011101110100001101000110100011
1101101000101101011000110001111101110111111010111011011111111110011010000010111101
1101110110001011111000010001011100101110101110111110100101100110111000111001111110010011
1101001010011111011100001101011110111111101101000111110110101110101111011010110101101
1011011101011100010111111101111101001011101111110110000001111100101000111101100111110
1101100110101111011011000101100001011011100111100011110001101110010111101100011000001
11010101110110011110010110111111011011111100111101010100001100101101010110100011000000
111110111111010100000010010010010001010101110010101110001111011101110000011110100011010010
11011001011000110000101111011000111101100010111011101101100000111000001010010111110111
110100110010111100101111100111100001111101100100110010101110101111001001110101001011100
10110011110101100001111001000110001101010110101110100000011110001110111001101111011000000
111101011011010110111011001010110010011110101010100101101011101111110000111100100011111101
110100111100011001010001011011111010110100110101001110110111010101000110
11011010011001011111110101001101111011110101110010001100001000101000101110000101
10110101101001110110101000101011011001101111101100000111101111100100010011011
1011101110100111100011010000111100111111100111100101111111101010111100101110111011011010
1101100110110111011111001001001011101110000110001101101011011001001000101010
11010101111001101001010100110010101100010011100100100001110110111111010001111010
1001100110110010111001000000111000101110100111000011110110001011001001001011110111001
110111011000111111010011110001011000111110010101100010011110011110010111101011111111010101
1010010110001001010111011100001101111110100011110010010000111100100111111111111010011
1111001110110101001101101011010111110000111111110100100111010101010110001011111010
11000111110111100111100100111001101001110110101011111111111101001101110111111101111100
10100101110001111010100010101001011111000111000110111010111010000001111101110000
11010101110101010000001100110011010111110000111100011011111011010111101101011001010111111001
11111111110101100001000100110000011011001110111011010101111010101000011111101110111011
1010100101010011100101110011010101111101100010010001100100111001100110110101110011011111110
100000010111011001101000000110001011001011111011011100101011100101011101111100110011001
11000111100110011011010110111011001011100000111101000110111001011110111011000110111100001
1111110110000001110010110000011111100101010011011101111100101110111010001111101110110
111110011111000111110011010000111101011010010010101100010010011100100100111111000010
111001111110000110101101101101111010111110101101011111111110010100100001111000
1001010100001010010001110110111000011011001101001011110001101011111000001010010
100011111010011110110001100101110110111010011111011110100001111110101000011010111000
1100011111001110010110101110110110101011010001010000110101101011100110010
101010110100011000011111101111100100110100010110001111111111111100111101011000001010
11101010011001010101000100110010101111010111110101110011101100100110011111010
110110010110111111001011000011111100011111011111001000111100111100101011110101111010111100001
11000101011110111110110110111111001101000110101000011100100011011010011111100001
11111011110101111110101010011011110110000101000110100010011110101111010111110010111110111
1100110101011000110101011011110011101110101110010101100111010010101000010110000011
110101010111111101010010100011001101010111111011111100011011011011111010101000011110001011
1011101110110011101010000010100101111011011001000101110111110110111000111011011101101
1001100100100101101011001100111001111111000011100100011111111101110000101111110011000001
100000010010111111110011100000111010011111110111111101011110110111011011000111110010101111
10001111100010101000101001010001011100011110110000101001111001100111100001010000
10011001000101110001101000011110110101110111110110011110110001001001101010111100001
1000101001011111100110001011111111100001111001100100101000111111011001111
10111111100101111011111001111111101010100111011011010010010001101111111000010101101
10001011100100010011011110111011110011100011011001111101000010100110011111011
1101011101011111001011111001110010111101001001001100111010111111101101101111001101
101111010100111110011000010001010011110001101001010000110111101010001011
11010001100101111111101110110110001001111101101000111001111110000101101111100010111010
1101111110000111111011010010110101101000010111101110110110111001111101011010000
110010111011010100111011111111110111011101001010101010011011001110101101101011111100101
101000010101011101101010110111010011100100010100101110101100011001010111000010011111
1000100110100001101100110001111011101110011101010011001111101010011001001100111111101110
10110001101101111010011110010001101111011101001100101011100001011110101100011100101000100
101000111101000110000011100110110111001101001111110001110101111101110110000111110010011011001
1011010010010010100001110110011000110110000011010101111001011001001011110110101
1010010111101111110111010010110101110100111000001101001011110101100010011110101110110111
100100111000100110110101001010111111101101111111001011111100011010111001011100101111101111
11100001100000011000010111010100110011001010110101000110111101101100000011010001101
10100110010101001101100110100011110110000111000110110001001100101011011100110010
110010011111000111011011001011110001111101010001011100111100111110001010100100110
11011001011001101001101001101100101111000111100001011010011111110001111110
11001011011011000101100110110101111001101110011011110110101100111011011010110111010101
101000010101011100001111110101111100011111011011000111110110011111011111001011011101001110
1101101110111110010001010011011101100101111010101010111000100001011010100
11010100110011000101110100111101000111011110110000011110110011011001100101111010011101011
111001011010111101100001011111010111100111011000111010101101111011101011100110111011
1110001111001101011011111101101111000100010110011100010011010101110101111010110101101
101101011001001111100110100111011010100001110010111001011001111111000011110101110000011
10100001101111111001101000101000010111111101100101111110011100001011011111010110
100000011110100111001101111100100100100100100011111111100011111100101110010
10011011101001111101011000101111010110111101111110010110001101000111001001010001101010
100110110101000011100110111001111110010011110000101101010100001101001110000
10001001101101010111101000011111001111111010111100011111111100000101010011110001
11101010010101111111011110100110101011101100111101101101000111010100110101101001001100
1100110111001011000101001110101001111000100101100011000111110101011101111111010010101
110011111001001111010111110111111011010101110011001110100111000011001010100110010011001
11110101000000100000011111010101101111100000110111111011010111010101111101011000101111001011
100001010110011110010010010001101110111011101000001111010001010010111001011100011111011
100011011101010110110011011011111000101110110100100111000000110001101110111010010010100111
1000011110011011101101011011111010101110011110010001100001100010111110101110010111100101
10000101100000110010110100100011010011110101110010110100011100111111010010110110111
11010101101010101110111101001110111001110110111100011101001111010111001100111001011001110
101000011000000110000010000011000011101111011111001110001101110101011001011010001000100
1000100111000001010100111000001000110110101011111110011101101100110101110011110011011
11111111110101111010101110101001100100011011101101110011110101010100101010101000010
10000001110101111100001010010001101101110111101111111100010110001011101001010
11110111101110011010101000011000110110000011110111100100111100001110001111001001111110
1010011000001111011010101110101110011011101011010101000111101000100100010
1101111111010011110010111100110011111001101111100011100001011111011111110101101000111000110
110000010100001011001111111001110101100000110010011110110111111010111101101110011100001
1100100001011111110111001001111001100001110001010110110110100011011001001010100
1101010111110111010011111000011111011011111011110111111110010100011011000010110111001110000
1011010111101001100000111101001100000011001001111010111100111011111101011101100010101011
1001101111011101011100111000101110100100100010100100011111100111110100101111011100001
100011011110010001011101001010000110010011110111111111011111001111111000111010010110111
1100011110100101100010110010001101001101100111110011100101111010111111001001111111110111
10101110001110110111010001001110111100001010111110000011001111101000111100100
10000001110010011011111100010001101010000111001010011011011101110000100001111010110
100000010011011111000011000100111110001101110111110111001011100001011101111000001010100
10100111111001010000111100111010111111100110111110001111100011101101011101110111100001111000
100000111110011110111001111110100010011111010110111011011011111110111001011100111000111
1011100100011111010100101100001011011111110110111101111111011100101111000011111100
1110100110110010000110011111011101110110111100011111011101111000011101001110001111100000
10111101100111111000111111111101110000010000101111111011100011111111001101000111001101111011011
11100101110010100110011011111101001011111010111011101001011110110111001100000010110101
1111101011110110100111110111011010011111110100110010111010111011100111111001100111011101
110100111101000011101101011111011111110101010111111110110011010101011011110101011
100000011100011111110001111111111101101101110011101110011111001011100000101001011110010
111110010001001110001001110111001000101100000110100011101011101000010111100
1110111111001101101011011100110111001101110000111010011101100111011001110101011011001001
1001100111010100111111101010101111111111010110100101100111010110100111000111110010
10110101110011111000011110110001101110110111101011001111111001110100100010110011101010
11100010011001011001001010100101000011110010111011101101100101110011111110111010111
111100111011010111010011001101101011010100101010100001111011110110111001101000110110111
11010100100111001010111000011111101010111011110110111101100100101101010010010001
11111001000111100011000110111000011010101110110100110011100101010101110110011111001
1100101101000111101010000101010101101001000111011111111001011111111110010011011001
101000011100011101101011001101000110101010011100101111111101000110110101000111111001011
11100001110000111101001011010001111100111111110001111000111100001010100110111001010
10101011001001001110101110111011001111100001111000111011011000010110110011011110110110011
11100001100010110010000001100010101101101001010000011111110110101011111001110000
1001111111000001111000110100101001011111111100100011000011110100011101001101001111110010
11101101111000010011001101001011010110110110110011001111111011111010010110011011110101
1000100110010010100011110000111000011100101101011110001001100100101000011010000
10010001111010100100010010001111101011111100110011001101100010110011101001100000
11000101101001010110111101000100010111101010111010111101000111110101111101011010101101100
11010011010001100000111011101111001101000110101111010110111111010011111001111101111011011
10110100111110010110101111100111001110111110001110101111110001100011110011011101001
11000101110111000111100100110111001100100111110101101010110100101111110110110
1001111111001011101100110100100111011011010110001111111101111010111110101111010111010
101001111011000111101101101101101100001001110110000011100101110110111100001111010
10111011110011111101001100110100001100001101011110001101110000111010000111101001111100
11110111111001011000110110011110100111101011100000111010100111101111111011011001001111100011
110101011100101001100110111001010010110101011011101111110101001001100100100000111111010
1111001111001101001101111111000101001100110000011111001110101111010111110000101010
11001001111010111000111011000110101101100101111000001001101011100001110100010000
1001011011101010010101100011111110101010111000011100111100100100011011100110
11100101101011100001110010010001100101111011101000001001111110101001111010011101
111010010001001011111100001001011111111101111000101101111101111110011001111110011111111
1000000100011011000001001110110110111111000010001111100011111011100100010110000011000101
1111100111100011100001010011011010001110110101010111000001000010110000111011111110010101
11000101101001100101010011001101101001111001110110001010100101001110111101011
11011011100111011011011111111011110001000111111101011101100111110001111100101110010101011
10111011111011111011010111011000101001010111000011011010110001111101011111110010111001
100111011100011011101100101011001001011011001010110100011111111011111000011100101
10101001111100110110011100000110110111010001000001001010110111101101101001010000
10110001001111111110011111001011111001010001110010001010111111100101000011101111111110
11101101110100100001110000110101011110011110101011001110111000101110111011011010011
111001010001111110000101100111101100111101010010010110001000011110101101101011101011
1110101110111001100011011010101111111110101001110110100110101110111101010010011111010
11011111101010011010011111011111000010110011100101011100001001001001001111101100
1000011001101000101010000110010111101011011001010011111111011100001000001111110001
10000001101100111011000110111011101001010110010010101101011100100000011001010100011
111001011011011110101110011100011110111101011111011010110010101001111100000111100001
10001001100010111100000111100101100011001110101110100101101000101110011110011110011011
10110011110010011111110111011100001101001110001101111111111111110110010011001001000
1110010111000011101101101111111110001110010011100100111011101101100111111011110010101000
11001001111101011101101101101011000110110011111110110111010111111100000110101011110000
100101111001111100111101010010101100111110000101101100110111111100000101010011000011
110001011110101101110011010111101011011010011010111100011010001001111100011111010
111000010101101100010010011110101011000001111010111011101110111001100100110010011
1100000111101101110111111010010111011111111110010000011000001101001011110000101010100
11001001100101011001101011001111110111101100010101101110100100010101111111100110111000
100101101010101001010111010010100000010111010101101001110101010111101110
111011111011000001111010110111001110110010110101110110111110011100001111100111111100
1010011110101011100111111110000111000011100111111111011100101000111001011001101100110
1011111110000101100001110000011100100011011000111100111010011110100001100101111110101110010001
1011101110101011111001010000101111011110111101111111101100111000010001001111111111010101
10100001011110111110100110000010010001110011111101001100011110010101100100110111111
11001010110011100010111010