111000101100110101111010001101010110001000111110101000110000101101000101111111
10010010101000110000010110111110101111101100100010111101011110010011111100110110011
1111101011010011101001100010110010101101101011100110110111111111001101010
1101010100111001100100110101101011001110000101100011101001001010101010111
111110111010101110001111111110001101010011001001001110011010010101101011100100110011111
1111010111110001101010011100010101000101101111100011100101101100111101011000001010110
1011010110110001010100011110100011001100110011101111110101111111010000111001001111011
11011000011100111101011111001110000101011011100010001000010011010101000011011011
11100111010100100110011100111111011001101101110111111000010101111011011010110010100
111111001100011011011111101101000110000010011100000111011011010011110111100100000
1110000110010100110000011100111111111111011010101101100000110110010011101010001010101001
100110011001010111001110110111110001110101001000100010001001000101010010001010111111001
110110101111101001011010100000100001111001000101011011010100111011100100110000000
1011010010110101111000101100101011100001111111101011110000011100010110000110001010
100110111111111101000010101111010001111000111111111000011010100011011011010010011010000
1010011100101101111101011111101111000011101110110000011100100111110011101001010100111
101010001011111111011000110011011011101001010101111110011101101001011011110111110000110
10100111000111010010111001011111100011010111101110010011010110111010101111111001111001011
111011011111100110101100011110010011111111110011001011010101010100001001010101110100011
1101011001111000001100100101101000101000110001011101111110010111100111111101
110001011001010100111001110010110001000001111010001111101101110011001001101100100
11111000110100011100000100111101000001100101111111011011011101101111111100110101
10001010100000111001110101111110100101010101101111100111011011100110100111111110010000011
1101001111011101011001111011110101110100001110111010110101011101101110101111100100
1100010011111010010111011100011000001000010110011101001110110111110111100011000011
110011010001110111100011110100011101011100011110001111010110001011111001101001010
111111010100101110101001000101111111111100001100001010100100111001100101010001111100110
1001111010011000000110011110011101010110101011001001111110111111010011100001111011
11000010111001110010010000110111010110000011101010001010100111101011011100111001100100
10100001100001111010111111110101100100100010011100011000011101101011010011111111110011
11001100111000111110110101101011011110110101110000010101111110100001000110111001100
10010111100101111110101000101000100100011110101011101001111111110110001110111011110110
101001101111000010100110101111011000010011001100101101011011111011101110101
1101000111010011101000110010111111000111111101110111011010111000001110001101111011111011110
1001011100100101100101000101010111111101011010100111011101100010000001101110010000000
11010001110001110100110100001101000011001001100110110101001111101010101111000111100101
1000010010001000110111011001001011110011011000111101111011000101010101111101100101111001111
1110010011111101110110111011011100011110001011011101111001101010110100100110010100011
10000000101110111101111110011000000110011011011000110100111000000101010001000101111101
10110111000110101001111011101001010001111111100111011010000111100111011000
101000110101110101101110010011100110111101011011011001111110101100010101001110101110
1101111100111101100111011101111000011011001000100110010000111110101100101111110
1101000110010010101000111110101001000110111100011111001111101000001001110010101111010000
111000010101011111001011110000011001111001111111011000111001110111101010001
1011001110001001111110100100101001110100001110111001111001110100011111001101011001
110111101110100101001011111101101110111101001100100000010001111110101101001
11101111100000100100001011000010101111100111011000010010010011101001111111001110011010110
10000111101111110110011010110101100000110010011100011101011011110110100011101
11100011101011011101111100101110101001111001101101100111000010000111101100110100011010010
1100100111100111010010111110011001101111101111111011111111111111011011110010
1100110011000111001001100110101011111111110101000100010001011101111001111110000010
1010101010000110101011101111010010110101010101000101111101111101111011001110010011000001
1001001010101111111011101011011101000101010110011011111011011101010011001011000100011101111
111000111111011111011101111111010110001101001010101110011100111111011100011101001000010
10101110011010110000101100110100011001010111011111110011011001101011101011010
1000011100111001110001111011011110010011001011110010111011001010101010110100111001110111
101101011111111010001111111111100011110100111100110100010101000001010010111100110111110010
11100010101000111110000110100111000101110011100101110001100110110000001101000101000110011110
10111110101010011010110110001001011010010010100110100001000001101011001110101001000
10000101100110111011111101001111011110101001011110100011001110111010010110100001
100011011111011100100010001010111010011000111000110101011010111111111110001
110100001010110111001001101010001110011110000111111010100101010111101000010101100
111110011001101110010010111001100000110101101010110111011001011011100110010010111111
1100010111010001101011011110110010101011110100101011101010001011100011010101001100100
110010011000100110111000001011111110101111101011100001011010101101101000000111000
11011100001111011110010111111010111011101111101011110111111010110101110100001100110
11110101011110010110000110001101111101101001110100101100100011011011001010111101
10011100101001011101101101101000010111100110110000111101010100101111011111001000
1101100110110110100001111110010110010110110000101001010110101111110111001000110101001
1110011110011000100100110101111000110110001111110100101101111010010111110011111111010111000
1110011011011011110011000111101010101011100010010111101101110001110110111011110100
100000110110110100100110101101101111111011111010011111011101100101000000110111011010010
1010000111010100111111110111001010101101111101001110110001110000111001001111101
1001011111000111011011101011011111101100001010011101001101111100011011111011000111
11100101101101001101111111110001011011100011000001011101100100100001001
11010110000011101100110001111100001010100010101111110111100101011100011100101111000
101110011100110111110001000010011010111111001011101101100111011101101000010111111
1110010110000101111011100110110001101111111111001011110011010100100011100001
10100011111011111100111110111110101110110010101101011100111110011001101101011000011
10111011110111011110011001001111000100000101000001111100111101011000101111000001110110
10001011111001011011011011110010110011110000011110010100111001110100111111000010110000111
1011100111111010011110111111110101001011001100111001111100111011011011010111001
110010110100010011101100111011011000000111111101000001101011110100011001000110000011
1110011110010100010011100100110010001111111111000001010101011101110001111100010111101001
1010011011011101001111010001100110110001001111100011001111110101111010001011100011011011
1100000110110010111110101010010010010111111011011101001110000111101101001110111110110
10101110100011111110111110001000001011010100101000111101001111110100100110101101
11100001100000110110011100010001100100101010011111111101101001001011001101000111110011
101011010000010100111001010011010100100111111000101100011111000101100110111101000
1011001010110000111110110011000001010101101101110110010101110001110001010000000
100010111011101101110111010011010100100100001111001111001110101011111101001
110011001110111010010001100110011010110011000001001101100100111111011110001010010010110
110111011111001001111111110001010110011101000101101010010111101010111101011111
11101110110111111010000010101110111001100000110011100111011110101111110110111000110
10111000111110110100010101001110101101111110101000100100011100010001001111110011010101
1000011100001001010111100011000000100110101100001110011000001010000110000111
10010000110110001101111111110011011100111111011101101011011100110011011001001010
100010101110101111000010010011001101000101111111101101110111101111101100110100011
10100001111000101111111000010101100111011001000101110100010111111101011001010010101
11011001101001011110000101011111110011011111110001111111101111110111100100
10100000110001010100111100001110110001001111010000101101011011110010101010001111110111000110
111111001110101011000110111010010010111100001101001001110111000101010110010101000010110110000
101100111111010111111111001100010110110011001000111101111101010111100011011001101
1001111111001100000101101111001010011011101110101010001111000101101100011001001111110010
1010011101000001011001011001000111000110001001100100101110000110111011101101001010001
101110011000100011100010111011010010111000010100101011000001111110011101001001111101011
1101001001001101110101110010101110111111100101101000011001110110001010111
11101110100110111101111010101011111101110110101110100010001000101010100000110011000
11110001001001011010110101010010111001011001111111111110100001111000100111100
1000001010000011011100110011001011011111001110001001111100011110101110001110001001
101000011101111110001001100010100010010000010111011100101111111101110000101100101
11110111000011101111100110101001111000011111101101100000011000111111100111100011111100001
111000111111101001010110101110011111101011111101110011011101111111001111100111011010
11000101001111001100111011001100010111011101000011110111011001110000111010011100101
1101101110010010101101110111101110110111011100111110011001001000111111111100111
110111111001100100001001001101110100001010010111011011110111100001011011101111000001111110
1111011010110101110111110110111011111100100111001101010100001100101011001001111101001100100
1000110111011111111010111010000101000101001010111111101110011011101111111101000
101010111001101001101110101101011110000100101011000111100001011100111
111101011011111110101010000110000111001110110111110011000001011100011011101011011
1000111010111010110011001010011100010110000101111110010010011111111111110000110101001101
110001111110110110111101110010100101001000010010101101110000110010001110110001111
110000111010111011111101111010111011011111111110110101010010011111100011101110001011000
11111101001100111101001100010001000101100011010111010001111000111011111110110
11010101100111101100111110001010001011110011010110101111101011100101011101011111110
111110111110010000100011011011011011011110010101110111011100111001101101010011101000
11010001011101110100001100010111110101100011110001111100100010010110001010010
11010110011110110111011100001011101001000001101001111010110110111110101010001011100111
11010111001101010001010110000100110011010001100100011010100111111111010010111001000100000
1111001010101001001110001001111101001111100101111110010110110110111110111011
101011011111110111101110111011000011010001011010111101001111111010100101001111
1111100010010001110100001001101010111011110101011101110111111100110110110100
1100010111111011100011011101111111101111000011111111011010010111000001110110011001100111001001
11101010111011101111111100010111000111101110100101111110110010011000100100000111111110
110111101001101010111010110001001000010100011110111101101000110110001111011011111101
111101011010010110110101101000100110100110100010011001011011010011011110011110010111
11101011111110110001111000111110010111100010111111100110101111111101110111111000011010010
101001001011110101001010000010100001111110110110101110110100101111100101000011001011
101111111101011101100111001010111011101011010110010101101110010111000110011111001001
1100000111001011110010111100100111000011110110010100011001011011111110010011101011110111
110101011011110100000001000110110101001000011000010010010100110110011011011001001
11010011001100010000000110011111000011110010001000100100010111110100101010110010111011
101000010000100101110111111110111100000100101101110010101111010011010001101110111010000
1110011001101111111010110100010101110001000010110100101001110111011110101001101
10110101010110010101111101110111000110011101111011111010101100010010000011101111
01100100110000001101100111111110000101000010011111000101011101011011000
1110001101101111000001100001001100011011101110110010001010111011111000010111100111000101
1100101110101100010111111110000111110001110000011100110111010101111001111110101010001
10011001100010001111111101110001011110000111110111010011100100011010110110111010001
11100011001000100001011110001110001111000011010001011111101110000010110101111101010010011
101000011001101101001111101000110111010111111101101010110101100011100000111111
101100110001011100100011010001101101011010111111001110011101111001001111101111011010000
1111010010100001101100101101110100011001001101100011001001111010100011100111100100111
1111010101011010100100101101011001110110011100010010110101111001001100011010011111000111
1000010010010110101011001100000010001101101111000001011011001011011001010001010
101000111011110010101100100110011111110101110110101011001011000101111111011001110111
11101010110111111010011110000101101110010100110111110101110101111010101001111000101
1110101101110110011101110000011110010111010111101101001000010110000110010110110010
10110110100001001010001101000111010011011011011100110010111111011010110111011110
1011000110000001000001011101110000100001010001010011100110101110010001000
111001110001111011111111101001100010110100001100001111110011000011011111101011011000
110111100100101000011110001110111001101110111110100010110100000110001000110010010001
110011001100110010110100101110001100101010110110010111011101000101100010111001110000010
10001111101111000010010100100111101100010011011110100110111001011011100011001011
101111111011111111001110111010111001011011011010101110100001101011100101101101111011
10100111101100111110111011011100100101001011110000010101110110010011010111110110011
10111111101001011110101110111001100111000111111000111010001111011010111110110010001100
1011001110100100011011011110011110101101101100111110000111110001110100101011000011100101
111100001101100011000000101010001111110110110100110000011101011111010011110011111101101100101
111111101100000111000111101001101011111001111001100000111111100100011101100011010000110
1100110011111101000110101010101110100110000111100001010010111101111101011011110101111001
111011001101101011111001111000100101111111101110001010111110111001111111011011000010101001
111111011100001100010110011100010110111110010011010111111010011101110100101010001110
101001110001010000110110111110111111110001111111000111100001101100111001011110010
1110110100011101010110100111100011100011011110110101000100010110000101111001011010010
11100101101110011101001101000101100011110111011011101111001111101111000100101011
110111111110110011100111011010101000111000100110010010101011100111110011110001001001000
10100100011101010000110000101100110110010011101111111111001111101011100
11011111100111010011011110111010100100001110001101101111100111001010111010
110110111110010100100110011100111010110111111100101010101111011101001000110011001101101
111010010100101111110111111111001011010110101111011011111110010001001111110010100
1100011011101111110000100110101110011100001111011100011011001110111100111011011101
11000011100011011011101111010001101111100010101111110000111001100100011110
1101011011000000110011011010101111011101011111101110110100001101110000001100111111
101010101001000011011011111000011110100011110101101100101110101111110111111111100111011000
110001011010001010101101100100011001101100111011000101110010101111011011010101101111110
11011011000110111101101010001100100011101110110110000111001110000111110101011101011
10101001011101100001010111100111010011111000100100101000110101011011001110
1001100010101110110101000100110001001100001110011101011101111001110111111101100110010010
1011000111001111101011110011011011010011010101100111001101010011011101001011011111010111010
11100010101101010001100110001101001011011001001100010111011101001001011011101001
111001101101010111001111110010011011010000011111100111111111110011111110011011100011110010
11010100011101001100101100010010011011001110001111000101110010010111100010010111010110
101011101000011100110100110011111101100010111010101010110001110100111001110
1111010011101001111001111111010101000100100100001001010011110010111111111000001011011100
10011010111000011100110010111101100000111010001011100110111000110001000100110001001011100011
1001011111010100101110010101110111011010101100010110000111000101010100001
1111101110010110011111111111110111001100101101110000011111101101010001010111101
11010101101010110000001100110010111010100111111111101000100100001101100110001001
1100111111100101100011011001111100100111100110111011110000110011111011110000010101110
11001100100001011100000110110010111000101001011011011010000101101111110011111101111111000
101100011001011110011001101011111011101111001001110110001110101011001110001010100
1011110010001000101110101111011010010101101110111010111011101101110101001001101000
11001000101100101111111000100010110011111110111010101110011111010011101111010110111010
11001011010010101110100001010111011001111111010011110100100100011001111100111000000
11111111100010110111111100100001101100001111000100010011101100111001000011000011101110
100010111110110011111111111110111101100100110000100101101111110101001001111100011001101
1001100101001011110000111010001001011101000111001010000111101101011010010110011111001110
1110011110000001100100011010001