1000001110011101111100010011110101110011011100111001110111111011101010111011010000101
10111001101111011100100101000110010110101011110110001100010001111101111001110111010111110010
1011111100011110111010110010010011110010101001010010111111101101001100011
10001100110001001001110101101001010011011110100111111010011111101110110111101010110101110
1010111110110111011100110111001100001110110111110000010111101101011001100010111101
10011110101010001111110111010011111010000111110011101111111001101110001101101011010110011
11110110001011110100111111111011001111001001010101101100111110010111111001110110011001011
11000101101111111110111010111011101100111110100111111001000001110101110101101101101101
1010100111010111010010100111101011110001011011010110010011100110011100000010010
110000011111110011110011100110101111111011011010000101000101001011110011011111000110000111
1011001111010111011100111101010101011110101101000111111011010010100000101001101010010101
110101001101001101001110100111011110101000001101111010101111100110011100011011101001010100
1101111110100111111110101111010011110010011110010100001001000010111101001011101101
101011101100100011110010100111101111100001100111010011110001011100110111011100001
111000001001011111010001110100101111100011101000010111110001111101001100001010101011011001
11111000101111111011011111001101011100110110011011111110110110111010010100101110100
1110101000101111010110011111001110101011110100100001111000111010111001000101011101110
10111101100111111001111100011111110110000101000011010101110111001001010011111011
11110110110001001010100111001111101111111011001101100001101110001000100101100111111110
101001101011100010111010101111111110111001101011101111101110110101001001110011111000
110001000000010000111001000101101000010111100111011101001000101011110101
1011001010010100011111111101011011111111101000101111100101111001101
11111000111101111100100111001100110001111001111100001110011101110110111110100001100000
10011101100110011000011100110001100110101111100100111110111101111011010111101000011
111010110110110000011100110110100011110000010011000101100011100111110010101001001011111100
11101011010111111100011111011110101001010101101101000110111011100100100111111010110
11011111011011000010100110111010000011000010100110110010101100100001101111000110
11011010000100110001110000001001000110010001100101100110101011111110011111111111001
1101000110101101111011110111010000001111101001110111110010001011100010111011111000010
1000011011111101001011001101000000010000011100111100101011001000100010111011100110000
111001111011101110010011111001111100110101011011001110101101100100110101001110111111101000
11011110100010111101110100010111110100001101111000110000001010010011110010100111101101010
101100110111111111100111111110101100011000111110100110101011100110101001100110010001
1001111000010111001100110111011010110110000001111111110111111010110011000111110111100000
1001100110100110111101010000100111010010111111000011100011010111111011011101110010000001
100011011011010110100011000101100011011011111111110111111010110011001111101110
1101001100100011011001110010111110011110111100011111011101001001000000011100000
100011001000001111111100111001010101101100111010011110010111111111110101011111111
10001011100101111101001111001001000011100010111111000100011101110010111010010111110
11011110100111101110101111000010000011101011010001111011110000010100010110001100
1011101011111011111110011110010111101111100011011011100110111010001110010111110110010
111111010000010101001111000101001100111100001111000011010111001001110001111110011011111001
11100111001011001010111101001100111001001100111111111101110001001100110111001001100000
1011010001000011110001001000010011100111100010100110111010010011111010000101
11100100011110101000101111011000110010010111111101111011100011000101010111110
11101001011111111101110110010010011111011101111110010111110100110001001110110101111
1111110001101001011111100001100001111000111010111101100001111111001100010101010110010000
110111111100010110110001010101111011110011101001101110110100011001011010111100000101100
11010101000110110110111001001100111111010010010011110010011001111110010101010011011
111000100111001011001001110111011110100010011000111101111100111100001011011011101
101011011000010101100010111000110000110111111000100110011111110011111001011101011010101111
100000011010101011100011010110010111111011010011100101001101001000011011100010001110000
100101011011111100000111000101001011111111111111100010010111111100011101010111110111
11010011101001110000101010101111111111111101010111100100000111000111101101
1001010101010001101110110111001101111010001010000111111011001111011010010010101010
110010101010110111010110110101110010010111001011010000111111111101101110110010001110101
1000111110111011110001010001011010010111100010111011001001100111010111011110000101
100011101111000010011011111101011110111000001010010011010110101111100011111001
10011111111000000111001100110100011111001111010101000000111101011000011010
101001111110010010000001111001000101011110111000010100111101111100011111101001000
110111011011011100110100011110011101001011101001001110001011111111110100001001011110110
10011101101100111110011001101110111001100011011111101111001110110011011011101100101111100010
101111101110111011010101100011111011101110011011111010111111011101101010010001010001
1111111111111110101110010011111101011110101010011101001101011100001011011010110011101110
1110100101111111000100101101110000010000010101111010110100101100001111111111101101
1110101111110110001100110110010111101101011101110101100001110011111111111101011111110011
10101111100011001010011101000011111000101001011111110011000000111000111001011100100010011000
1011011011101101000111011001111110011100010110100001011111010010010111100101111101011
10100010000111100111111010110111100001001010011111111110010010011111001111011001111110101
1101010011001111110111110001111111011011001100110111100111011001001011111010
101010111011000111001101111101110100101110011101010101010011101100011110101110101111
10101110011010111111111100011100101000011011111000011011110010001001101111110
1001000010101011010010110011110101000011010101100001011100100111100000100110011010
1000100011101010001110111010110110000111000010110101010111101101111111101110011101011
110111101101010011001000100111101010001001101110011110001111011101111001001101111010100101
110100110100101100100011100110111010011011101110100010011100100110001001001010
101000110001001101011110011111001011110111011011110011011011111101111111101101
1101100011101101000000111111100001100010111011000111110101000001100111001011000
110011001000111100110001010100110001111000111110000111010000101101001010100011001100
1111000100100010001101101011010101111111000110000100111010011001110010011010
0111000011111101000010101011111111011000110100110011011101101001101111
101010101001101100111110101010011010010011100111111111110110111001010011010101011110111
1001000110111001101101110010111111110010010101100111110000010000101010010010100000
11001010110000101110111011001101100110101001100010001101111111001101100001011100110111110
11110111111011100001001101101111000011111001110110011110111011001111010011011111111111100
110001011010011111010111100100011100111110000111010011111111001011101111011001010011111001
10100110110111001011111001111011110111101000100011011100010010010001011011010001001
1111011100011111100111000100100111100010111011011101111011000000101000001001111110010010
11111111010110100111101111101011100101101100110111101001010111100011100011101011
10110100100000011010011100111110110001001011110101111101111111011001111000011001111110100
100001101100010110011001001101000101011011010010111000100111000000110110101110101
10011011110000110101110000100111001101100111101011011101111110110111111010110000
101010001000000111111001101000101001111011100001001111111101101011011010001010101001000101
10011111101111110000111000011110000011100110111010110110111101000011111110100000
111001011011100110000111110011110000001000110101100100011101001111011011010011001
1111101110100011101011110000111001110000010111100111111100110111101011111110011110
101111000000101101101101011111100110110000101111011111010011011110111010010110011
11101010110000111001101010010110111000100100101011011110101001101111111110001100001110100001
10000110000111111011001001111000001010100111100111010110011101100011100100110111010
111100111111111101011011110001101101100111110100101100100111000111100010011101011
111000001110111010100001001000110100111011111011001110011111111010000101101011000010
101011110110110110010010011100100100100101111000000110111111010011111101111100
11001110111111010111100001001101111011111010000111100000111000011010010110000101000010
11011101000101110111110000110000011111010011111010100001001010110101001101010011011011
10000000101001111100111101110111001111001110101101111100011010110111111111110100111000100
10111101111110101011110111100111000101000111011000110100000101011011111001
10011010101011111000100110101110000001000100111110011010111000101100100111011010111
100111001101110011010010100110011101010101110010111011101011110010100001100101111001000
10000001101010000000111001001011110000011011111110001001111010100111001010011101
10111011101111110011111110001011111000111011111111101111101100110110100100101111101000010
111110001110010010001011110111011111010111111011001101010101011010000010001001100010
1101001010001100101101010101011111000101111111011011011000010100111011010111111100001010110
1111101100000011000100111000010000101101000111001111101111101100100010101100110
1011111100111111110110100110101101011110001111001110101000011101000011111000
1011001101101100100011011001100101001011011100001010110110001001010101111010111001
11110110101000001000000110000110100011001111101011100101001111100010100010100100110110101
111110001111101111100100011111010000110011011111010001111101001111111111011000010000100
10000000100101101000110101000100011110011001100111001011011110101001101000011011101
10010011001110000101100010010000110100001101010100111010101011011011001011111010011110000
110101011011010010001010111111100100111100100100111011101111111101100101011010011
1100001111001011011101101010111110111001011100010000011000000111100111011
111000001011111010101001010110110001100111100001110011111101001010011011110100111110110
110101110100111001001110100001100110010010110100011011001011100110111101000110000111111010
11000111110001101101110000111100000101000011111110111011011101011000000011110100111
1100100010011011111011101011111110010001010010010000011111100001100001011001100100001
1001110110100011001010101110101010111011111101101001100000001001000111001111001100
111100101110110110101000111111001100100100010001011100110100000111111101000011011000110100000
11101010001101111111000001110001101110101000111110001110100111011101001000011000100
10101011101000111110110010010010000011001110111111011000110110001100111100101100001100010
101010101111011111101110101111010011001110110110100101001110000000110111110110101000
111111001111111000101010101100011111010101101001111110010101110001010010000
100111111110011001111101010111110101101000111110100100111101100101110110101000110011110001
11101111111011010010000001111101111100000101010111010011100010100011010100110001
1110111110000010101111100011010000000110111011011000000010011111100111111111001110
100000011011100110100011110000110110111100010011111010011101011101110001000001011110010
11010111010110011000101010111110000010111100101111010001011110011110111110110011111111
110000110100001011011101000111101111101010110010101010001111011111000111101010111111
1011101011010110011001111011010110110010011101011010011100001101011000111000000100100
11100011110101111110101011010110110001110001001011001001010011010000100110001110001111000
1111000011010010100110010000111100100111001001100000100011010111111111100001011011100
1101010110110001011010110011000100110010011101111111101111110110101001011111011111
1010011111011110001101111010011000100001000010010110011000110110010001111100010110100
11101100110100011111001110011101000100100011011110111011010000001101000111111110010100
11110100111110111110111100011110011101101011111000101011100110111100111111101010111001
1000110110011101101100011110010110111101011111100111110011001110011001101010111011000010
11001110110101010110001011101010010000110111001110111010011111110111010010111111010101000
11110011100110011010101000111011101000111101110000111110011111111100111000010010010001
1010010111110001001110100111111001110011101011101010001111100110111001110111000101
1000100110011101111101101001111000101010001111000110101000100010001101011100001000001
101001011010110010010001100000110110000101001111010101111000001101111001101101111001111110111
11110111110100111101111001111111111110100011100111111111101110100001101101101100
10100110001001101111000000111001111000011101010111011111101100001101000111100010
1001111111110111010100110000010111100110011101100011111001010011000011001010010000011
1111100111100111100101111001000011001111100001111010101100110001010100111000111
100110111111010100010110000100001101100011111011101101000110001010100011111101111100
10010111111001110110001011111010000111010111111110110111000111110011101101001110110000011
1111110111101111100111111001110101001011100000011100111100100011100001100111111110101111
111110001101101011011001111001100110011001111010011101010101010001010001101
1000010111001000101101101110011011111011100110010110001000100110111101000110110100101010
11101101111110101101001100010110110111101101101111011001110011001101001100010111010000
110010101011011111100100010111101001111100011111011100101001101110111000101110000110
10010001010010011101111001110111011101010011011000011000100000111011110110111001010011
11101001100110110001101101010101000110000111101101101011110111111111111010100111010
101110010100101100011101100011000111100010101110111110101010010001100100111001101
1000001001001001111100101010010001101111011101000100001011001011001111100011111101
1100110000011110011001000111110111001101110001101001101110110111110000100111011101
10110000110111011011101011100001011111111101111011000110100110001001011111110111
1010010110001001110001100011111111110011110110100001001111101011111010011101
1100001110101111111100011111110110111011100100011111101011101110100001111110011100000
111010001001101110111001000011111101011100111110110011011101110111101110110110101110001
1000110010011110101011110000111110011011101110010101111001010101101001010100111111001
1010001010000110100010011000101100010011011101101101111111101111110001100
10000000111111110111111011001011111111000110001110111010111011011110011111111001101
100110101011101001111010010011111111101111111111111010100100101100101011100111100011
11001011110111101001010011111111101011110011110001110000111101111111111001010100
11011111110000101111111100111110011110110000110000000110010001011001111110
111011111010010011000011111010100101111001000100101111101011001001101110101001101110010011
10000001111100011101001111001000110100001000010101101101110101100110110110001110110011111101
100100111010111011101111101101010011001100001001100111101111010110101011111010
111110101101101010111111000111010110101110011110101100111101011100011000110010010000
1000010010000101100101011111101011001110111111000101111010100110101010110010010
11010111100001001000111110111111010000111101111110000110001001011010010110111111101101000
11101111011011100111101100111111011011101010010111000010011011111111110001011001100
1011110111010001010001010100011100001010011111110111100101011011101110011100011
1100110111110000001101111100100011000011000011111001011100111110000111110101111110110
1011110110110100001111011011010001111101110010100111101101111100100001010000000
1110000011010110100101000101111000101101111010111000000010000001
100111101001011110010011010000111111010000011001100011111111101110110111111100011010010
1111100100111100101010001111101110000011100111011010001011110101111101100111
1100111111111111011110111100111101000111001011010000111000110111110110101001
1110111011000010100000110110011011111001111101011101000011100010110110110110000110
1000011111010110010111111100101100011010101001001010100111010101010000110100010
100011011111011111001001101111001011010111011001111100111110010110000011100111101
1101010111100100101001100101100001110101101101001110010011101101001011001111111001
11011001111011011110011110011111101010001111010010111101111011101111100011100011101
1010110100101101001111010101010101110111000110010011001110001010000101111
1111001111111101100101100011010111111001001010111010110011101111101010000
11010100111111100011111000011111001110111101111110001111111101001010101101100001100000
1001111011101100011100110111001100101000111111101000101101111110101111
1000010110101011101100111101100011100011110011001000011110110111111100110000011100001001101
1101000110010011101001000000011110001110110110001100111111110011111010001111100101000
1111100010110111010011100101111000000111101101100101101001111111011111101001111
1011000111000111101101001110101000100010001010000110101011011111010110110
11001000101001010011000010110010101110010001111101000110010001110101010001111110010
101010011000010111001001111110010101110111000101111001000101111111011011101111001001001
101110101101100111011101111010001010111010010110111011001100001011111011101011010001
1001001110100111101111110111111010111100111010011111111101111101111101111110000110010011
10011011101011001111000110000000110110010001110111001001011001011011110111100101
1011000111110111011001111100