111000101100110101111010001101010110001000111110101000110000101101000101111111
10010010101000110000010110111110101111101100100010111101011110010011111100110110011
11111010110100
11101001100010110010101101101011100110110111111111001101010
1101010100111001100100110101101011001110000101100011101001001010101010111
1111101110101011100011111111100011010100110
01001001110011010010101101011100100110011111
1111010111110001101010011100010101000101101111100011100101101100111101011000001010110
1011010110110001010100011110100011001100110011
101111110101111111010000111001001111011
11011000011100111101011111001110000101011011100010001000010011010101000011011011
11100111010100100110011100111111011001101101110111111000
010101111011011010110010100
111111001100011011011111101101000110000010011100000111011011010011110111100100000
1110000110010100110000011100111111111111011010101101100000110110010
011101010001010101001
100110011001010111001110110111110001110101001000100010001001000101010010001010111111001
1101101011111010010110101000001000011110010001010110110101001110111
00100110000000
1011010010110101111000101100101011100001111111101011110000011100010110000110001010
1001101111111111010000101011110100011110001111111110000110101000110110110100100
11010000
1010011100101101111101011111101111000011101110110000011100100111110011101001010100111
1010100010111111110110001100110110111010010101011111100111011010010110111101111100
00110
10100111000111010010111001011111100011010111101110010011010110111010101111111001111001011
111011011111100110101100011110010011111111110011001011010101010100001001010101110
100011
1101011001111000001100100101101000101000110001011101111110010111100111111101
110001011001010100111001110010110001000001111010001111101101110011001001101100100
11111000110
100011100000100111101000001100101111111011011011101101111111100110101
10001010100000111001110101111110100101010101101111100111011011100110100111111110010000011
11010011110111010
11001111011110101110100001110111010110101011101101110101111100100
1100010011111010010111011100011000001000010110011101001110110111110111100011000011
1100110100011101111000111101
00011101011100011110001111010110001011111001101001010
111111010100101110101001000101111111111100001100001010100100111001100101010001111100110
10011110100110000001100111100111010
10110101011001001111110111111010011100001111011
11000010111001110010010000110111010110000011101010001010100111101011011100111001100100
101000011000011110101111111101011001001000
10011100011000011101101011010011111111110011
11001100111000111110110101101011011110110101110000010101111110100001000110111001100
100101111001011111101010001010001001000111101010
11101001111111110110001110111011110110
101001101111000010100110101111011000010011001100101101011011111011101110101
11010001110100111010001100101111110001111111011101110110101110
00001110001101111011111011110
1001011100100101100101000101010111111101011010100111011101100010000001101110010000000
1101000111000111010011010000110100001100100110011011010100111
1101010101111000111100101
1000010010001000110111011001001011110011011000111101111011000101010101111101100101111001111
11100100111111011101101110110111000111100010110111011110011
01010110100100110010100011
10000000101110111101111110011000000110011011011000110100111000000101010001000101111101
101101110001101010011110111010010100011111111001110110100001111
00111011000
101000110101110101101110010011100110111101011011011001111110101100010101001110101110
1101111100111101100111011101111000011011001000100110010000111110101100101111110

1101000110010010101000111110101001000110111100011111001111101000001001110010101111010000
111000010101011111001011110000011001111001111111011000111001110111101010001
101100111000
1001111110100100101001110100001110111001111001110100011111001101011001
110111101110100101001011111101101110111101001100100000010001111110101101001
111011111000001001000010110000
10101111100111011000010010010011101001111111001110011010110
10000111101111110110011010110101100000110010011100011101011011110110100011101
111000111010110111011111001011101010011
11001101101100111000010000111101100110100011010010
1100100111100111010010111110011001101111101111111011111111111111011011110010
1100110011000111001001100110101011111111110101000
100010001011101111001111110000010
1010101010000110101011101111010010110101010101000101111101111101111011001110010011000001
100100101010111111101110101101110100010101011001101111
1011011101010011001011000100011101111
111000111111011111011101111111010110001101001010101110011100111111011100011101001000010
101011100110101100001011001101000110010101110111111
10011011001101011101011010
1000011100111001110001111011011110010011001011110010111011001010101010110100111001110111
1011010111111110100011111111111000111101001111001101000101010
00001010010111100110111110010
11100010101000111110000110100111000101110011100101110001100110110000001101000101000110011110
101111101010100110101101100010010110100100101001101000
01000001101011001110101001000
10000101100110111011111101001111011110101001011110100011001110111010010110100001
100011011111011100100010001010111010011000111000110101011010111111
111110001
110100001010110111001001101010001110011110000111111010100101010111101000010101100
111110011001101110010010111001100000110101101010110111011001011011100110010010111111

1100010111010001101011011110110010101011110100101011101010001011100011010101001100100
110010011000100110111000001011111110101111101011100001011010101101101000000111000
110111000
01111011110010111111010111011101111101011110111111010110101110100001100110
11110101011110010110000110001101111101101001110100101100100011011011001010111101
100111001010010111011
01101101000010111100110110000111101010100101111011111001000
1101100110110110100001111110010110010110110000101001010110101111110111001000110101001
1110011110011000100100110101111
000110110001111110100101101111010010111110011111111010111000
1110011011011011110011000111101010101011100010010111101101110001110110111011110100
100000110110110100100110101101101
111111011111010011111011101100101000000110111011010010
1010000111010100111111110111001010101101111101001110110001110000111001001111101
100101111100011101101110101101111110110000
1010011101001101111100011011111011000111
11100101101101001101111111110001011011100011000001011101100100100001001
1101011000001110110011000111110000101010001010111111011110010101
1100011100101111000
101110011100110111110001000010011010111111001011101101100111011101101000010111111
111001011000010111101110011011000110111111111100101111001101010010001110000
1
10100011111011111100111110111110101110110010101101011100111110011001101101011000011
10111011110111011110011001001111000100000101000001111100111101011000101111000001110110
1000
1011111001011011011011110010110011110000011110010100111001110100111111000010110000111
1011100111111010011110111111110101001011001100111001111100111011011011010111001
11001011010
0010011101100111011011000000111111101000001101011110100011001000110000011
1110011110010100010011100100110010001111111111000001010101011101110001111100010111101001
10100110110111
01001111010001100110110001001111100011001111110101111010001011100011011011
1100000110110010111110101010010010010111111011011101001110000111101101001110111110110
1010111010001111
1110111110001000001011010100101000111101001111110100100110101101
11100001100000110110011100010001100100101010011111111101101001001011001101000111110011
1010110100000101001110010
10011010100100111111000101100011111000101100110111101000
1011001010110000111110110011000001010101101101110110010101110001110001010000000
1000101110111011011101110100110101001001
00001111001111001110101011111101001
110011001110111010010001100110011010110011000001001101100100111111011110001010010010110
11011101111100100111111111000101011001110100010110101
0010111101010111101011111
11101110110111111010000010101110111001100000110011100111011110101111110110111000110
1011100011111011010001010100111010110111111010100010010001110001000
1001111110011010101
1000011100001001010111100011000000100110101100001110011000001010000110000111
10010000110110001101111111110011011100111111011101101011011100110011011001001010

100010101110101111000010010011001101000101111111101101110111101111101100110100011
10100001111000101111111000010101100111011001000101110100010111111101011001010010101
1101100110
1001011110000101011111110011011111110001111111101111110111100100
10100000110001010100111100001110110001001111010000101101011011110010101010001111110111000110
1111110011101010110
00110111010010010111100001101001001110111000101010110010101000010110110000
101100111111010111111111001100010110110011001000111101111101010111100011011001101
10011111110011000001
01101111001010011011101110101010001111000101101100011001001111110010
1010011101000001011001011001000111000110001001100100101110000110111011101101001010001
1011100110001000111000
10111011010010111000010100101011000001111110011101001001111101011
1101001001001101110101110010101110111111100101101000011001110110001010111
1110111010011011110111101010101111110
1110110101110100010001000101010100000110011000
11110001001001011010110101010010111001011001111111111110100001111000100111100
1000001010000011011100110011001011011111001110001001
111100011110101110001110001001
101000011101111110001001100010100010010000010111011100101111111101110000101100101
1111011100001110111110011010100111100001111110110110000001100011
1111100111100011111100001
111000111111101001010110101110011111101011111101110011011101111111001111100111011010
110001010011110011001110110011000101110111010000111101110110011100
00111010011100101
1101101110010010101101110111101110110111011100111110011001001000111111111100111
1101111110011001000010010011011101000010100101110110111101111000010110111011110
00001111110
1111011010110101110111110110111011111100100111001101010100001100101011001001111101001100100
1000110111011111111010111010000101000101001010111111101110011011101111111
101000
101010111001101001101110101101011110000100101011000111100001011100111
111101011011111110101010000110000111001110110111110011000001011100011011101011011
100011101011101011
0011001010011100010110000101111110010010011111111111110000110101001101
110001111110110110111101110010100101001000010010101101110000110010001110110001111
110000111010111011111101
111010111011011111111110110101010010011111100011101110001011000
11111101001100111101001100010001000101100011010111010001111000111011111110110
11010101100111101100111110001010001
011110011010110101111101011100101011101011111110
111110111110010000100011011011011011011110010101110111011100111001101101010011101000
1101000101110111010000110001011111010110001
1110001111100100010010110001010010
11010110011110110111011100001011101001000001101001111010110110111110101010001011100111
1101011100110101000101011000010011001101000110010001101
0100111111111010010111001000100000
1111001010101001001110001001111101001111100101111110010110110110111110111011
10101101111111011110111011101100001101000101101011110100111111101
0100101001111
1111100010010001110100001001101010111011110101011101110111111100110110110100
11000101111110111000110111011111111011110000111111110110100101110000011101100110011001
11001001
11101010111011101111111100010111000111101110100101111110110010011000100100000111111110
110111101001101010111010110001001000010100011110111101101000110110001111011011111
101
111101011010010110110101101000100110100110100010011001011011010011011110011110010111
1110101111111011000111100011111001011110001011111110011010111111110111011111100001101001
0
101001001011110101001010000010100001111110110110101110110100101111100101000011001011
101111111101011101100111001010111011101011010110010101101110010111000110011111001001
11000
00111001011110010111100100111000011110110010100011001011011111110010011101011110111
110101011011110100000001000110110101001000011000010010010100110110011011011001001
11010011001
100010000000110011111000011110010001000100100010111110100101010110010111011
101000010000100101110111111110111100000100101101110010101111010011010001101110111010000
1110011001101
111111010110100010101110001000010110100101001110111011110101001101
10110101010110010101111101110111000110011101111011111010101100010010000011101111
01100100110000001101100111111
110000101000010011111000101011101011011000
1110001101101111000001100001001100011011101110110010001010111011111000010111100111000101
110010111010110001011111111000011111000111000
0011100110111010101111001111110101010001
10011001100010001111111101110001011110000111110111010011100100011010110110111010001
1110001100100010000101111000111000111100001101000101
1111101110000010110101111101010010011
101000011001101101001111101000110111010111111101101010110101100011100000111111
101100110001011100100011010001101101011010111111001110011101
111001001111101111011010000
1111010010100001101100101101110100011001001101100011001001111010100011100111100100111
111101010101101010010010110101100111011001110001001011010111100
1001100011010011111000111
1000010010010110101011001100000010001101101111000001011011001011011001010001010
10100011101111001010110010011001111111010111011010101100101100010111111
1011001110111
11101010110111111010011110000101101110010100110111110101110101111010101001111000101
1110101101110110011101110000011110010111010111101101001000010110000110010110110
010
10110110100001001010001101000111010011011011011100110010111111011010110111011110
1011000110000001000001011101110000100001010001010011100110101110010001000
111001110001111011
111111101001100010110100001100001111110011000011011111101011011000
110111100100101000011110001110111001101110111110100010110100000110001000110010010001
1100110011001100101101001
01110001100101010110110010111011101000101100010111001110000010
10001111101111000010010100100111101100010011011110100110111001011011100011001011
101111111011111111001110111010111
001011011011010101110100001101011100101101101111011
10100111101100111110111011011100100101001011110000010101110110010011010111110110011
10111111101001011110101110111001100111000
111111000111010001111011010111110110010001100
1011001110100100011011011110011110101101101100111110000111110001110100101011000011100101
111100001101100011000000101010001111110110
110100110000011101011111010011110011111101101100101
111111101100000111000111101001101011111001111001100000111111100100011101100011010000110
1100110011111101000110101010101110100
110000111100001010010111101111101011011110101111001
111011001101101011111001111000100101111111101110001010111110111001111111011011000010101001
1111110111000011000101100111000101
10111110010011010111111010011101110100101010001110
101001110001010000110110111110111111110001111111000111100001101100111001011110010
11101101000111010101101001111000111000110111
10110101000100010110000101111001011010010
11100101101110011101001101000101100011110111011011101111001111101111000100101011
110111111110110011100111011010101000111000100110010010
101011100111110011110001001001000
10100100011101010000110000101100110110010011101111111111001111101011100
11011111100111010011011110111010100100001110001101101111100111001010111
010
110110111110010100100110011100111010110111111100101010101111011101001000110011001101101
111010010100101111110111111111001011010110101111011011111110010001001111110010100
110
0011011101111110000100110101110011100001111011100011011001110111100111011011101
11000011100011011011101111010001101111100010101111110000111001100100011110
1101011011000000110011
011010101111011101011111101110110100001101110000001100111111
101010101001000011011011111000011110100011110101101100101110101111110111111111100111011000
1100010110100010101011011
00100011001101100111011000101110010101111011011010101101111110
11011011000110111101101010001100100011101110110110000111001110000111110101011101011
101010010111011000010101111001
11010011111000100100101000110101011011001110
1001100010101110110101000100110001001100001110011101011101111001110111111101100110010010
1011000111001111101011110011011011010011010
101100111001101010011011101001011011111010111010
11100010101101010001100110001101001011011001001100010111011101001001011011101001
11100110110101011100111111001001101101000001111
1100111111111110011111110011011100011110010
11010100011101001100101100010010011011001110001111000101110010010111100010010111010110
1010111010000111001101001100111111011000101110
10101010110001110100111001110
1111010011101001111001111111010101000100100100001001010011110010111111111000001011011100
1001101011100001110011001011110110000011101000101110011011
1000110001000100110001001011100011
1001011111010100101110010101110111011010101100010110000111000101010100001
11111011100101100111111111111101110011001011011100000111111011010100
01010111101
11010101101010110000001100110010111010100111111111101000100100001101100110001001
110011111110010110001101100111110010011110011011101111000011001111101111000001010111
0
11001100100001011100000110110010111000101001011011011010000101101111110011111101111111000
101100011001011110011001101011111011101111001001110110001110101011001110001010100
101
1110010001000101110101111011010010101101110111010111011101101110101001001101000
11001000101100101111111000100010110011111110111010101110011111010011101111010110111010
1100101101
0010101110100001010111011001111111010011110100100100011001111100111000000
11111111100010110111111100100001101100001111000100010011101100111001000011000011101110
1000101111101100
11111111111110111101100100110000100101101111110101001001111100011001101
1001100101001011110000111010001001011101000111001010000111101101011010010110011111001110
1110011110000001
100100011010001
