111100001001001100010011111110101111010010010111111011111001000111110101000010011100
10100011001010001111110100111011101110011010110110111010001001011011111111101100010111000
110001100010101100011100101110011100001111100100100111010101110001011010010001100
110111001011101111101011000000010111111110111111100100001111110111110111011010110
11010111101101011010111101100011110111101011100110011011010110001001110110111011100
10100110000001001101100011010101111000101011011111010100100001110110110011000100111
1000011110100111011111011101110000101010110010110111111011101101110001111110011100100
10010011110100111101010101110010001011111101101110001000011100001111010011000000
1000111110110101101001100011111110111011010010101011111100110100111101000111000100
1100001101011000101111111001010011111001111111101101001010110011011110101111000111
10101001100101001001001111000001001101110111110101000101011001010010111001100011111101101
101111011110111111001010110001111011111011100111111100101110101011000111000111011110
1101110011000001111011001110011110011101100100110011101101010100011101101101100111
1001010111011001011111111111111111001101110011010100100111111000000100100001010101110110
1000101010101110110101101011010101110100111011011010011100000100111101011001011
10111011110111010110101110111011000100100011001001110110010111101011011111101101
111110001111000011011110110111100111011011100011011101101111010101001110101011000101
111001011000011111110111011111111010010111001010111011011010110001101001011101000111101100
1000101000001100111110001000011100111111001011110011101100111101001110001010101010
1101110111111011101111001011111111101011100111111010111001011010000101110001100110011011001
1011000011000111001101010101001001010110001011010001010000111011001000000111110101101000
11000001110111111110001101100001011111100000110110100110101010101111111001110111111000
1110111011010000100011111101011010101111111001011110011101110010110010100010001101010111100100
1101111111001011011101111011111100101011001000111111100101011001110100001011010011010101
10101010100010110101100110110111001101010010010001111100011101001000011100100110001110110
10110000111100110100111110110001101111110000100111100101000111010001011110110101110101001
10001110101010101011000011111000111101000100111111100011101100011011110100110100000
1100001110111111111100011010111100111001101111111010010111001111101001101010110100001000010
1110100011010111110110101110100110001111010111101101010101100100011101011011010011101100
101011101010101110001011010100110101010111010110111000110101110011111101011001010010
10101001111000110000101101001111011101100111110111000110111001110010001011011011011110001
111011011111100010111011110110001000000111001010111101100001101100110010101001010111110000
11010101101110010011010111110010110011101111110011110110101001010010101111101011111
101001101100100010100000100100101110001110110010110001001110011000011111000110001001011001
10000010111100110000011110111101011111000000101101101110101100110011011111110011100110
1111100110001011101010111010010011001010111110011011011111101100001010011111011100010
110111111001100110010011100100101111011110011100001001010110101001101010001011011001
11000111010011111001110110111101101000011110111101101001110100001011011110
1000101110010010110110111000111100110101111010110101101111111100011001100100011100011
1010111010011101110010011000111110100110111100110101111101011011001110000101
1101100011110100110011101100101110100111100010010101101111001111011000111110111101101
10110110111001001000101110110101100011111001110101001110001101000011011001010000111
1110011111101111001001101001001101001101011111001111100011011001001101000010100111101110
100110101111101000101100011000110110001101011111010000110011011111011010010
1010111110010111101111010111000001111000110101011001101011101101101010110111011
1100011000101100111101011111101010110001110111001101101110000101101010010010010000
10111011001011110110101101101101101100010111001111110100100001111100111111001111100110
11001000101110111010011101010111000100110101101111110100011111101011010011011110111
1010000010110000111100011001111100101011010101010000110010101011011000110100010011110011
101100110011010100001100111100011110000011001110111111100110110100100100100110001010
11010010101011100110110100101001010111110110111011110110010011110110011010101011001000
1110011011010010001001111110001110010111011000100001001110001110101110100110010011110111101
10101101101111001000111101111111101101010010001100101110101101010110000001000000011010010
111101011001011100011001100011011000101100111110111111001000001110001110101100110001
1010011001101011010101111011100001111000001001101101001010101110111110100101
11101101011000110110011010100001101011101101111111111110111001111110010010111100
10011110010011001101000000111111001000100100101110100011000011111111111010101100
1101100100000011111000101000101101011100010010000101101000111100000100111001010111001111
110100101100011101001011110110100101111100101010000010111101001110111110100001100000010101010
10100010110100110011011111011010011010110110001011101001110111111100101001111110111
11001011100101110100001011000111111001011001111010110110111101100011110111110001001011
11011100101101111011000100001000111011010011101111011110011110000010100011101000000110000
100111011010110001011000110101100101100101010111010100001011011111111011110100101101
100011110101010011111100010110100100011100111110010101111010011100000111111110
11110101101111011111010101010111101001011011110011111010010111001101110011110011010101000
10001100111000001001101011100111001100101011110000010010011100111110000111000101101100
1100000110100111100011110111101101001010111100100000001000110110111000100101111011110110
1001100110101000100011011011100100010100000110000011010000101110001101010111110010100
11000001000101110110100100011010110100100011111010110001100001001111100011
11111000110000110111001000111000011001110111111110101101110111011000111101101010101
1100110010001001110100001010000110000011101100011100101111011101000001110111010100100110100011
11010101111011111001001111101011101111100001010000111110011110000100111110101000100110101011
1000100111100111010100010010011011110010100001101011001101110110110011011101101010
110111011101010110110101110101011010100111101011101011010001000000111111001101110011001100
1010101110111111010011110001100010010011110101101111100101111100101101100111100001111110
10011110111101111110110000111010100011101011101000111000111100100101111001111010
101000001101001110010011001010110111110011101011001111011011111011111101110111111111
100110010110110101101111111011101111001111011011000101110011101001100111111101
1100010101100111111000110101011111110001011111101010100010100111100111111111111101
11101011110101011110111011000001100111110100001001100110110000100100101101011000100010110000
10101111100010000001011111100111011011001111001101110011100111101100000111001111
110111101110100011111010100111110110001111101011010101010110101111101010110010011100000
111111001100111100110110110101111111111101001100100110100111010111000101011101111100110
11110001011011100010100101011110011100011100101111010111001100100011111111100001
1100100110001000101110101101111110111010010101110111001111101101100101011011100110001
11010011110000110011010001010100100010111001100111101000100010111011101000000011001001
1010011111001110000110010111100101001111001100110010011001110100011101001010010010001
1010100011011111010011111011000010110101011011000101100001111011010111111110011111110
100111011101111000101110100011111110111010011110111011001010101110111111011011011110
101010000101111011011100101010110100110110001110111000110011001101100111101100011110111
101101010010011100010110010110101011001110111001111101101111001100101001101110101110
11110111111011000001100100111011100100100001010000111000100110111011001111011110011101
10011110111000111110100011111110111110110010011111100001111101001011110011100010010011010
10101111011110111010101110111011111001000111011110111101011111101110111010101000
110011101011111110010000001001011001010010110101100111101011110111100110011101
1010000011001011011110011001111110010110001001010001101001101100111100101111110100010
101100011000101111000011010100101100011110111011110111000111100100000011011111111011
10011111001001111011011001110010011010011110101111001101101010101011101100101110100
110100100111111010100100101010101111101110110111111000011111100001110110110100
1010111110010001001101010110011100001111111110100011010011011011110101101001000001111011100
101100110011010100011100100100000111110000110111111111101010100100110000111000001101110
11000101100101111011100111110010110110111000010011101001111110010110101111011111000110110101
1011100010001001101001001011101101010111010111010110111110010101011111110101110111011
11010101011101111111111110110001110010011011000010111011111001011100111101011011100111
110011110100110010110011001001011101010111110001101010110101111101110111000010011100
101010001101001011001011001101000100101001110110011010000110101010101011001000001010010101
10111101111110110001011011100111101000101000110011111111011010000010001010110011101110
1110110111011010100110001110000011011100100001101111110101100011010001111110011
1001111110100100110110011111111101111011100111011010111001011110100111011101011111011
10011100111111011111110101101110111110000011011101011100011111001110001011000111010001100
10111011000000100111001001000110111011001101111000110101111011000111110011000010011011010
111000010001111001011011010111010011001110010111110111011001100011110100110010111011011
11110011000111111011101111001100110111111011000010100110010111010101101001011101
1011011111010011010110111000101001011001001001100110100110101110101010101101100111001
1101110110111111011010111000110111110011100101001011001101111111101010101010111010
11010010010001101110011011111011000011100011010011100101011010010100101001001100110101011
10111101110101010100010010110011111011111111101110100111011111101110010000101000
10010000101010100011101011100110111000100010011000011110100101111111110101110
1010001010001001001110111111000011110100101000111111000101111011110011111110111111111
1110000101011010110100111101010000110110010001001011101001110010111001110010110100
10011010110000001001110111010111100011011111111111011100100111101011011001011100001110001001
1100100011010011110101111100111101101100011010111011010011100000101001010110111011100100
1000000011011100001011101111000010101000110001111011000011011010011101000001100011
101001000000010100110101111111001011011110100010110111110100011110111111010100010
110011110110101100011101000100001100010101111110101110011011110100111101001110
1001011111110011010111111001100011100111010101011011010110111111011101111100110101011
111011110110111101111010111001100100010100000101001110111101100100111110111
10001111011111001010010111110100101111011010010101111001101101100111110110000111101
11100010110111111000101110100101110010101001100010100101110000111101011111000100011001111
100100101011111010100000111010100101010100101110001001001101011100100101001110000011110001
11101111000101100110101011101110011100111101001001001011011100100101111010101010
1001100110101001101000110001001110010001011110010001010100001011111100111100110111010100101
100010101001001111111111101100110101100101010111010101100101001111111001011000
1110000110101110110110100001110100101011101001010010100000101001100000011110111111001
11111111011111110111011011100000101011111101111001101111011110100111011011000
10010100100100101010111111011011110111001010011010011100111110101100100011111011110
11111111011100010001100001111001010110111110000011111110101111111111101110101010111011
1001011111001101011111011001110000111111100101101000011001111001011010010011101101011100111
101101100010011001110010101110101001001111100010001011001011101111100011011101
1001101111011111101110001011001010100101111110010011011100110111001011010111111000
11101110111101011010101111110010101101101110111111101011000010110111010101010111110001101
11001110100011000001011100011010100011100010111111001111001010011111100011111111101000
1000011110011101111111101010110110010001000011101110001111010110110000
10101110110110101001101001100111110010000111101100011001001010111111010111001000001
1000011110000011100010010001011111111011010000010110011110111111110011010000
10111001101011111101100010101101011001010101011010111001001101011110100011110010111100000
101111011000101110111011011101000100101111101101010111000011010001011100111010110
10000011111111101011110110001011100111111010100010111011111001001110100111100010100101
1010011101111011111110101111101001111111010001101101010101111010110000111101011111000001
10111001111011110101101000111111101100110010001011001101101001001101001110101101001001
10111101111011111001011000000111101110010000011101100011001100110001011101011011011101
1011010111011100101001011011011010000011101011111110001110110101101001110110010101101011110
1101101110111011000101100101111011111000111101011111000001100001111101101011101110011
111101010101110100011011001000110001001001100110111000100101001001000110011001100100100110
1100101011000001011010011011110111111111011111011010010010100101001011000111110001000111101
10111100101000001010101111011011011101111100000111111110010100001111000001100010
10110101100100011100101011111111111011110011101111010111101100010111011101111101110010111110100
11111100111101100111110001001110011011001111010111010010001010110110100111100010111001000
11001001111001110111101101010011100111011001110101111110011111001011110110010010
1110011111111001100111011010011100010011101101110101101000111010111100111110101010010001010
100010001001101111110001100011011010111010101011110000101110011110111101101111101101010110101
110101111001011011010101010110001001000101011111111001000100101110110011101111001110101
1000101010101001111111000110110010011001111100001101011010101111100110111011011100
10111111001000011001100110101011100000110010111101001110100101100110000100011011111
10110110100001101011111001111000101110111010001101100010011100100101001010000111111
1011101000011101010010100000111001011111101101011110100010101100000111100100
111011000001110001011001001110001110110000110100111101111001110110001111001011001011
1110111110011100101010011110111010110111111111101111010100100001001110110011100100
10111110111111110100101010001010001100101111010111111001100001010111101101000011111010
1101000010101111110100011001000000110011010111100111010100110111010101011011000110
1100110111000101111010111101111111000110100000001111101101101001111100100101100101
11110111110111011111011110101111100101110001001000010000101111000111011110110110000
110111001100000100011111111111110011011001110111001010101000010000111100101010010111000010
10011101111011001110100111001111110111100011100001011000111000101111110111110010100100
1000011110001001100111000001110110011110111011011101001010100101100111000100110110100
11000101100011101101111111000110101111110110010001011000110100110100111010101
11100001010010111110111011100011110110111001110011101010010010110101110011111011011011
1001101110101011011110100000001110011010011101110101010101101100011111010010000100111010
1111000010000100110110111100011110101001001101010111011011000111000101111011100000
110111001000111011100101011010110011110010101100110100001000100111000011010001110000
11011111111011010000101010111000111111000011010011011111111110001101001111011100
100011101100101100100101011001011010011011000010101111101110101101100101101010000110
11011001000001111111111001111101101110111101101101101001011110011010101011111100000
101101001001001010111111111000101010000010110100100010101101110011011011100111100100011001010
11111101110000101101100101010111111100110101011110101101011101111011001101000100100011110101
100010011010111110000111111101111111110011011110111000111000001111110101110110
100110100100111010111111010100001000111000111010011100011110011100001011100101
111010011101011100011010101101010011110101001001110001011010011111011101110010001000
10110000101001101000111111011011001101101111111011011110011001000111001110100101100110
100100011010001110010101111110100010011011001100110111010011111111011001101111110011101101
111100111101101110111111100101111001011010111111000100110111010101001111110101111000
11011010111111001111100110101101100110110100110000100100010111000101101101110011
11100110110011011111110011111101111110101001111111010111111011110010011011001001110000100
110010001001101111100111110111111010111011001101001000100100111111111100101
111010101000110111011111000111110100101100001100110111011001011100001011011110111110001
1010000101111011000111000011100011011110011011010100110111101110011110111100111010011010101
10100100100001011010111110011111101000100111001101100110100010111011110000011110100
1011111111000101011111110111001110010011100111101100000111101010100100011111011110110110
1100111010011111110101010011101100100100011010110011100110111101001110011010110001100101
100100101000110011010101010110101100110011111001100111011111011111111101100000111101110
101100001101001011100110111011001110011111101011110011111111001110100111001001111010010100100
110001101111101110010111010111000011111101101010010000011110000011000111110000111101011
11111011100100101100111111000011101000110000111011101111000000100000001110111010010111101010
1001100110010110110001001000001111010110010010100000010000000111011000110111010000111
11011111000111010000100100101011111000000101101100001110001010101101000010011011
11011011101101011101001110000001110100110001101100011101001111010011111001010011001
100011000100110111101011111111111010010110001010100100001011010001011001111
101100011110000010111101101011011110101011011011100111001100110101011101100110010001011111
1011011011110110110111111110101